17.5922
17.5680
17.5439
17.5198
17.4957
17.4717
17.4477
17.4238
17.3998
17.3759
17.3521
17.3283
17.3045
17.2807
17.2570
17.2333
17.2096
17.1860
17.1624
17.1388
17.1153
17.0918
17.0683
17.0448
17.0214
16.9981
16.9747
16.9514
16.9281
16.9049
16.8817
16.8585
16.8353
16.8122
16.7891
16.7661
16.7430
16.7200
16.6971
16.6742
16.6513
16.6284
16.6055
16.5827
16.5600
16.5372
16.5145
16.4918
16.4692
16.4466
16.4240
16.4014
16.3789
16.3564
16.3340
16.3115
16.2891
16.2668
16.2444
16.2221
16.1998
16.1776
16.1554
16.1332
16.1110
16.0889
16.0668
16.0447
16.0227
16.0007
15.9787
15.9568
15.9349
15.9130
15.8911
15.8693
15.8475
15.8258
15.8040
15.7823
15.7606
15.7390
15.7174
15.6958
15.6742
15.6527
15.6312
15.6098
15.5883
15.5669
15.5455
15.5242
15.5029
15.4816
15.4603
15.4391
15.4179
15.3967
15.3756
15.3545
15.3334
15.3123
15.2913
15.2703
15.2493
15.2284
15.2075
15.1866
15.1657
15.1449
15.1241
15.1033
15.0826
15.0619
15.0412
15.0205
14.9999
14.9793
14.9587
14.9382
14.9177
14.8972
14.8767
14.8563
14.8359
14.8155
14.7952
14.7749
14.7546
14.7343
14.7141
14.6939
14.6737
14.6535
14.6334
14.6133
14.5932
14.5732
14.5532
14.5332
14.5132
14.4933
14.4734
14.4535
14.4337
14.4139
14.3941
14.3743
14.3546
14.3349
14.3152
14.2955
14.2759
14.2563
14.2367
14.2171
14.1976
14.1781
14.1586
14.1392
14.1198
14.1004
14.0810
14.0617
14.0424
14.0231
14.0038
13.9846
13.9654
13.9462
13.9271
13.9080
13.8889
13.8698
13.8507
13.8317
13.8127
13.7937
13.7748
13.7559
13.7370
13.7181
13.6993
13.6805
13.6617
13.6429
13.6242
13.6055
13.5868
13.5681
13.5495
13.5309
13.5123
13.4938
13.4752
13.4567
13.4382
13.4198
13.4014
13.3830
13.3646
13.3462
13.3279
13.3096
13.2913
13.2731
13.2548
13.2366
13.2185
13.2003
13.1822
13.1641
13.1460
13.1279
13.1099
13.0919
13.0739
13.0560
13.0380
13.0201
13.0023
12.9844
12.9666
12.9488
12.9310
12.9132
12.8955
12.8778
12.8601
12.8424
12.8248
12.8072
12.7896
12.7720
12.7545
12.7370
12.7195
12.7020
12.6846
12.6672
12.6498
12.6324
12.6150
12.5977
12.5804
12.5631
12.5459
12.5287
12.5115
12.4943
12.4771
12.4600
12.4429
12.4258
12.4087
12.3917
12.3747
12.3577
12.3407
12.3237
12.3068
12.2899
12.2730
12.2562
12.2394
12.2225
12.2058
12.1890
12.1723
12.1555
12.1389
12.1222
12.1055
12.0889
12.0723
12.0557
12.0392
12.0226
12.0061
11.9896
11.9732
11.9567
11.9403
11.9239
11.9075
11.8912
11.8749
11.8586
11.8423
11.8260
11.8098
11.7935
11.7774
11.7612
11.7450
11.7289
11.7128
11.6967
11.6806
11.6646
11.6486
11.6326
11.6166
11.6007
11.5847
11.5688
11.5529
11.5371
11.5212
11.5054
11.4896
11.4738
11.4581
11.4423
11.4266
11.4109
11.3953
11.3796
11.3640
11.3484
11.3328
11.3172
11.3017
11.2862
11.2707
11.2552
11.2397
11.2243
11.2089
11.1935
11.1781
11.1628
11.1474
11.1321
11.1168
11.1016
11.0863
11.0711
11.0559
11.0407
11.0255
11.0104
10.9953
10.9802
10.9651
10.9500
10.9350
10.9200
10.9050
10.8900
10.8751
10.8601
10.8452
10.8303
10.8155
10.8006
10.7858
10.7710
10.7562
10.7414
10.7266
10.7119
10.6972
10.6825
10.6678
10.6532
10.6386
10.6239
10.6094
10.5948
10.5802
10.5657
10.5512
10.5367
10.5222
10.5078
10.4934
10.4789
10.4646
10.4502
10.4358
10.4215
10.4072
10.3929
10.3786
10.3644
10.3501
10.3359
10.3217
10.3076
10.2934
10.2793
10.2652
10.2511
10.2370
10.2229
10.2089
10.1949
10.1809
10.1669
10.1529
10.1390
10.1250
10.1111
10.0973
10.0834
10.0695
10.0557
10.0419
10.0281
10.0143
10.0006
9.9869
9.9731
9.9594
9.9458
9.9321
9.9185
9.9049
9.8912
9.8777
9.8641
9.8506
9.8370
9.8235
9.8100
9.7966
9.7831
9.7697
9.7562
9.7429
9.7295
9.7161
9.7028
9.6894
9.6761
9.6628
9.6496
9.6363
9.6231
9.6099
9.5967
9.5835
9.5703
9.5572
9.5441
9.5310
9.5179
9.5048
9.4918
9.4787
9.4657
9.4527
9.4397
9.4268
9.4138
9.4009
9.3880
9.3751
9.3622
9.3493
9.3365
9.3237
9.3109
9.2981
9.2853
9.2726
9.2598
9.2471
9.2344
9.2217
9.2091
9.1964
9.1838
9.1712
9.1586
9.1460
9.1335
9.1209
9.1084
9.0959
9.0834
9.0709
9.0585
9.0460
9.0336
9.0212
9.0088
8.9964
8.9841
8.9717
8.9594
8.9471
8.9348
8.9226
8.9103
8.8981
8.8858
8.8736
8.8615
8.8493
8.8371
8.8250
8.8129
8.8008
8.7887
8.7766
8.7646
8.7525
8.7405
8.7285
8.7165
8.7046
8.6926
8.6807
8.6687
8.6568
8.6450
8.6331
8.6212
8.6094
8.5976
8.5858
8.5740
8.5622
8.5504
8.5387
8.5270
8.5153
8.5036
8.4919
8.4802
8.4686
8.4569
8.4453
8.4337
8.4221
8.4106
8.3990
8.3875
8.3760
8.3645
8.3530
8.3415
8.3301
8.3186
8.3072
8.2958
8.2844
8.2730
8.2617
8.2503
8.2390
8.2277
8.2164
8.2051
8.1938
8.1826
8.1713
8.1601
8.1489
8.1377
8.1265
8.1154
8.1042
8.0931
8.0820
8.0709
8.0598
8.0487
8.0377
8.0266
8.0156
8.0046
7.9936
7.9826
7.9717
7.9607
7.9498
7.9389
7.9280
7.9171
7.9062
7.8954
7.8845
7.8737
7.8629
7.8521
7.8413
7.8305
7.8198
7.8090
7.7983
7.7876
7.7769
7.7662
7.7556
7.7449
7.7343
7.7237
7.7131
7.7025
7.6919
7.6813
7.6708
7.6602
7.6497
7.6392
7.6287
7.6182
7.6078
7.5973
7.5869
7.5765
7.5661
7.5557
7.5453
7.5349
7.5246
7.5143
7.5039
7.4936
7.4834
7.4731
7.4628
7.4526
7.4423
7.4321
7.4219
7.4117
7.4015
7.3914
7.3812
7.3711
7.3610
7.3508
7.3408
7.3307
7.3206
7.3106
7.3005
7.2905
7.2805
7.2705
7.2605
7.2505
7.2406
7.2306
7.2207
7.2108
7.2009
7.1910
7.1811
7.1712
7.1614
7.1516
7.1417
7.1319
7.1221
7.1124
7.1026
7.0928
7.0831
7.0734
7.0637
7.0540
7.0443
7.0346
7.0249
7.0153
7.0057
6.9960
6.9864
6.9768
6.9672
6.9577
6.9481
6.9386
6.9291
6.9195
6.9100
6.9005
6.8911
6.8816
6.8722
6.8627
6.8533
6.8439
6.8345
6.8251
6.8157
6.8064
6.7970
6.7877
6.7784
6.7691
6.7598
6.7505
6.7412
6.7319
6.7227
6.7135
6.7043
6.6950
6.6859
13.3533
13.3350
13.3167
13.2984
13.2801
13.2619
13.2437
13.2255
13.2073
13.1892
13.1711
13.1530
13.1349
13.1169
13.0989
13.0809
13.0629
13.0450
13.0271
13.0092
12.9913
12.9735
12.9557
12.9379
12.9201
12.9024
12.8846
12.8670
12.8493
12.8316
12.8140
12.7964
12.7788
12.7613
12.7438
12.7263
12.7088
12.6913
12.6739
12.6565
12.6391
12.6218
12.6044
12.5871
12.5698
12.5526
12.5353
12.5181
12.5009
12.4838
12.4666
12.4495
12.4324
12.4153
12.3983
12.3813
12.3643
12.3473
12.3303
12.3134
12.2965
12.2796
12.2627
12.2459
12.2291
12.2123
12.1955
12.1788
12.1620
12.1453
12.1286
12.1120
12.0954
12.0787
12.0622
12.0456
12.0291
12.0125
11.9960
11.9796
11.9631
11.9467
11.9303
11.9139
11.8975
11.8812
11.8649
11.8486
11.8323
11.8161
11.7998
11.7836
11.7674
11.7513
11.7351
11.7190
11.7029
11.6869
11.6708
11.6548
11.6388
11.6228
11.6068
11.5909
11.5750
11.5591
11.5432
11.5274
11.5115
11.4957
11.4799
11.4642
11.4484
11.4327
11.4170
11.4013
11.3857
11.3700
11.3544
11.3388
11.3233
11.3077
11.2922
11.2767
11.2612
11.2457
11.2303
11.2148
11.1994
11.1841
11.1687
11.1534
11.1381
11.1228
11.1075
11.0922
11.0770
11.0618
11.0466
11.0314
11.0163
11.0011
10.9860
10.9709
10.9559
10.9408
10.9258
10.9108
10.8958
10.8809
10.8659
10.8510
10.8361
10.8212
10.8064
10.7915
10.7767
10.7619
10.7471
10.7324
10.7176
10.7029
10.6882
10.6735
10.6589
10.6442
10.6296
10.6150
10.6004
10.5859
10.5713
10.5568
10.5423
10.5278
10.5134
10.4990
10.4845
10.4701
10.4558
10.4414
10.4271
10.4127
10.3984
10.3842
10.3699
10.3557
10.3414
10.3272
10.3131
10.2989
10.2847
10.2706
10.2565
10.2424
10.2284
10.2143
10.2003
10.1863
10.1723
10.1583
10.1444
10.1304
10.1165
10.1026
10.0888
10.0749
10.0611
10.0473
10.0335
10.0197
10.0059
9.9922
9.9785
9.9648
9.9511
9.9374
9.9238
9.9101
9.8965
9.8829
9.8694
9.8558
9.8423
9.8288
9.8153
9.8018
9.7883
9.7749
9.7614
9.7480
9.7347
9.7213
9.7079
9.6946
9.6813
9.6680
9.6547
9.6415
9.6282
9.6150
9.6018
9.5886
9.5754
9.5623
9.5492
9.5360
9.5229
9.5099
9.4968
9.4838
9.4707
9.4577
9.4448
9.4318
9.4188
9.4059
9.3930
9.3801
9.3672
9.3543
9.3415
9.3287
9.3158
9.3031
9.2903
9.2775
9.2648
9.2521
9.2393
9.2267
9.2140
9.2013
9.1887
9.1761
9.1635
9.1509
9.1383
9.1258
9.1132
9.1007
9.0882
9.0758
9.0633
9.0508
9.0384
9.0260
9.0136
9.0012
8.9889
8.9765
8.9642
8.9519
8.9396
8.9273
8.9151
8.9028
8.8906
8.8784
8.8662
8.8540
8.8418
8.8297
8.8176
8.8055
8.7934
8.7813
8.7692
8.7572
8.7452
8.7332
8.7212
8.7092
8.6972
8.6853
8.6734
8.6615
8.6496
8.6377
8.6258
8.6140
8.6021
8.5903
8.5785
8.5668
8.5550
8.5432
8.5315
8.5198
8.5081
8.4964
8.4847
8.4731
8.4614
8.4498
8.4382
8.4266
8.4151
8.4035
8.3920
8.3804
8.3689
8.3574
8.3460
8.3345
8.3231
8.3116
8.3002
8.2888
8.2774
8.2661
8.2547
8.2434
8.2321
8.2208
8.2095
8.1982
8.1869
8.1757
8.1645
8.1532
8.1420
8.1309
8.1197
8.1086
8.0974
8.0863
8.0752
8.0641
8.0530
8.0420
8.0309
8.0199
8.0089
7.9979
7.9869
7.9759
7.9650
7.9540
7.9431
7.9322
7.9213
7.9104
7.8996
7.8887
7.8779
7.8671
7.8563
7.8455
7.8347
7.8239
7.8132
7.8025
7.7918
7.7811
7.7704
7.7597
7.7490
7.7384
7.7278
7.7172
7.7066
7.6960
7.6854
7.6749
7.6643
7.6538
7.6433
7.6328
7.6223
7.6118
7.6014
7.5909
7.5805
7.5701
7.5597
7.5493
7.5390
7.5286
7.5183
7.5079
7.4976
7.4873
7.4771
7.4668
7.4565
7.4463
7.4361
7.4259
7.4157
7.4055
7.3953
7.3851
7.3750
7.3649
7.3548
7.3447
7.3346
7.3245
7.3144
7.3044
7.2944
7.2844
7.2744
7.2644
7.2544
7.2444
7.2345
7.2245
7.2146
7.2047
7.1948
7.1849
7.1751
7.1652
7.1554
7.1455
7.1357
7.1259
7.1162
7.1064
7.0966
7.0869
7.0771
7.0674
7.0577
7.0480
7.0383
7.0287
7.0190
7.0094
6.9998
6.9901
6.9805
6.9710
6.9614
6.9518
6.9423
6.9327
6.9232
6.9137
6.9042
6.8947
6.8853
6.8758
6.8664
6.8569
6.8475
6.8381
6.8287
6.8194
6.8100
6.8006
6.7913
6.7820
6.7727
6.7634
6.7541
6.7448
6.7355
6.7263
6.7170
6.7078
6.6986
6.6894
6.6802
6.6711
6.6619
6.6527
6.6436
6.6345
6.6254
6.6163
6.6072
6.5981
6.5891
6.5800
6.5710
6.5619
6.5529
6.5439
6.5349
6.5260
6.5170
6.5081
6.4991
6.4902
6.4813
6.4724
6.4635
6.4546
6.4458
6.4369
6.4281
6.4192
6.4104
6.4016
6.3928
6.3840
6.3753
6.3665
6.3578
6.3491
6.3403
6.3316
6.3229
6.3142
6.3056
6.2969
6.2883
6.2796
6.2710
6.2624
6.2538
6.2452
6.2366
6.2281
6.2195
6.2110
6.2024
6.1939
6.1854
6.1769
6.1684
6.1600
6.1515
6.1431
6.1346
6.1262
6.1178
6.1094
6.1010
6.0926
6.0843
6.0759
6.0676
6.0592
6.0509
6.0426
6.0343
6.0260
6.0177
6.0095
6.0012
5.9930
5.9847
5.9765
5.9683
5.9601
5.9519
5.9438
5.9356
5.9274
5.9193
5.9112
5.9031
5.8950
5.8869
5.8788
5.8707
5.8626
5.8546
5.8465
5.8385
5.8305
5.8225
5.8145
5.8065
5.7985
5.7906
5.7826
5.7747
5.7668
5.7588
5.7509
5.7430
5.7351
5.7273
5.7194
5.7115
5.7037
5.6959
5.6880
5.6802
5.6724
5.6646
5.6569
5.6491
5.6413
5.6336
5.6259
5.6181
5.6104
5.6027
5.5950
5.5873
5.5797
5.5720
5.5643
5.5567
5.5491
5.5414
5.5338
5.5262
5.5187
5.5111
5.5035
5.4959
5.4884
5.4809
5.4733
5.4658
5.4583
5.4508
5.4433
5.4359
5.4284
5.4209
5.4135
5.4061
5.3986
5.3912
5.3838
5.3764
5.3690
5.3617
5.3543
5.3469
5.3396
5.3323
5.3250
5.3176
5.3103
5.3030
5.2958
5.2885
5.2812
5.2740
5.2667
5.2595
5.2523
5.2451
5.2379
5.2307
5.2235
5.2163
5.2091
5.2020
5.1948
5.1877
5.1806
5.1735
5.1664
5.1593
5.1522
5.1451
5.1380
5.1310
5.1239
5.1169
5.1099
5.1029
5.0959
5.0889
5.0819
5.0749
5.0679
5.0610
5.0540
5.0471
5.0401
5.0332
5.0263
5.0194
5.0125
5.0056
4.9988
4.9919
4.9850
4.9782
4.9714
4.9645
4.9577
4.9509
4.9441
4.9373
4.9305
4.9238
4.9170
4.9102
4.9035
4.8968
4.8900
4.8833
4.8766
4.8699
4.8632
4.8566
4.8499
4.8432
4.8366
4.8299
4.8233
4.8167
4.8101
4.8035
4.7969
4.7903
4.7837
4.7771
4.7706
4.7640
4.7575
4.7509
4.7444
4.7379
4.7314
4.7249
4.7184
4.7119
4.7055
4.6990
4.6925
4.6861
4.6797
4.6732
4.6668
4.6604
4.6540
4.6476
4.6412
4.6349
4.6285
4.6221
4.6158
4.6095
4.6031
4.5968
4.5905
4.5842
4.5779
4.5716
4.5653
4.5591
4.5528
4.5465
4.5403
4.5341
4.5278
4.5216
4.5154
4.5092
4.5030
4.4968
4.4907
4.4845
4.4783
4.4722
4.4660
4.4599
4.4538
4.4477
4.4416
4.4355
4.4294
4.4233
4.4172
4.4111
4.4051
4.3990
4.3930
4.3870
4.3809
4.3749
4.3689
4.3629
4.3569
4.3509
4.3450
4.3390
4.3330
4.3271
4.3211
4.3152
4.3093
4.3034
4.2975
4.2916
4.2857
4.2798
4.2739
4.2680
4.2622
4.2563
4.2505
4.2446
4.2388
4.2330
4.2272
4.2214
4.2156
4.2098
4.2040
4.1982
4.1925
4.1867
4.1809
4.1752
4.1695
4.1637
4.1580
4.1523
4.1466
4.1409
4.1352
4.1296
4.1239
4.1182
4.1126
4.1069
4.1013
4.0956
4.0900
4.0844
4.0788
4.0732
4.0676
4.0620
4.0564
4.0509
4.0453
4.0397
4.0342
4.0287
4.0231
4.0176
4.0121
4.0066
4.0011
3.9956
3.9901
3.9846
3.9791
3.9737
3.9682
3.9628
3.9573
3.9519
3.9465
3.9410
3.9356
3.9302
3.9248
3.9194
3.9141
3.9087
3.9033
3.8980
3.8926
3.8873
3.8819
3.8766
3.8713
3.8659
3.8606
3.8553
3.8500
3.8448
3.8395
3.8342
3.8289
3.8237
3.8184
3.8132
3.8079
3.8027
3.7975
3.7923
3.7871
3.7819
3.7767
3.7715
3.7663
3.7611
3.7560
3.7508
3.7457
3.7405
3.7354
3.7303
3.7251
3.7200
3.7149
3.7098
3.7047
3.6996
3.6945
3.6895
3.6844
3.6793
3.6743
3.6692
3.6642
3.6592
3.6541
3.6491
3.6441
3.6391
3.6341
3.6291
3.6241
3.6192
3.6142
3.6092
3.6043
3.5993
3.5944
3.5894
3.5845
3.5796
3.5747
3.5698
3.5649
3.5600
3.5551
3.5502
3.5453
3.5405
3.5356
3.5307
3.5259
3.5210
3.5162
3.5114
3.5066
3.5017
3.4969
3.4921
3.4873
3.4825
3.4778
3.4730
3.4682
3.4635
3.4587
3.4540
3.4492
3.4445
3.4397
3.4350
3.4303
3.4256
3.4209
3.4162
3.4115
3.4068
3.4021
3.3975
3.3928
3.3881
3.3835
3.3788
3.3742
3.3696
3.3649
3.3603
3.3557
3.3511
3.3465
3.3419
3.3373
3.3327
3.3281
3.3236
3.3190
3.3145
3.3099
3.3054
3.3008
3.2963
3.2918
3.2872
3.2827
3.2782
3.2737
3.2692
3.2647
3.2602
3.2558
3.2513
3.2468
3.2424
3.2379
3.2335
3.2290
3.2246
3.2202
3.2157
3.2113
3.2069
3.2025
3.1981
3.1937
3.1893
3.1850
3.1806
3.1762
3.1719
3.1675
3.1631
3.1588
3.1545
3.1501
3.1458
3.1415
3.1372
3.1329
3.1286
3.1243
3.1200
3.1157
3.1114
3.1071
3.1029
3.0986
3.0944
3.0901
3.0859
3.0816
3.0774
3.0732
3.0689
3.0647
3.0605
3.0563
3.0521
3.0479
3.0437
3.0396
3.0354
3.0312
3.0271
3.0229
3.0188
3.0146
3.0105
3.0063
3.0022
2.9981
2.9940
2.9899
2.9857
2.9816
2.9776
2.9735
2.9694
2.9653
2.9612
2.9572
2.9531
2.9490
2.9450
2.9410
2.9369
2.9329
2.9289
2.9248
2.9208
2.9168
2.9128
2.9088
2.9048
2.9008
2.8968
2.8929
2.8889
2.8849
2.8810
2.8770
2.8730
2.8691
2.8652
2.8612
2.8573
2.8534
2.8495
2.8455
2.8416
2.8377
2.8338
2.8299
2.8261
2.8222
2.8183
2.8144
2.8106
2.8067
2.8028
2.7990
2.7952
2.7913
2.7875
2.7837
2.7798
2.7760
2.7722
2.7684
2.7646
2.7608
2.7570
2.7532
2.7494
2.7457
2.7419
2.7381
2.7344
2.7306
2.7269
2.7231
2.7194
2.7156
2.7119
2.7082
2.7045
2.7008
2.6970
2.6933
2.6896
2.6859
2.6823
2.6786
2.6749
2.6712
2.6676
2.6639
2.6602
2.6566
2.6529
2.6493
2.6457
2.6420
2.6384
2.6348
2.6311
2.6275
2.6239
2.6203
2.6167
2.6131
2.6095
2.6060
2.6024
2.5988
2.5952
2.5917
2.5881
2.5846
2.5810
2.5775
2.5739
2.5704
2.5669
2.5633
2.5598
2.5563
2.5528
2.5493
2.5458
2.5423
2.5388
2.5353
2.5318
2.5284
2.5249
2.5214
2.5180
2.5145
2.5110
2.5076
2.5041
2.5007
2.4973
2.4938
2.4904
2.4870
2.4836
2.4802
2.4768
2.4734
2.4700
2.4666
2.4632
2.4598
2.4564
2.4531
2.4497
2.4463
2.4430
2.4396
2.4363
2.4329
2.4296
2.4262
2.4229
2.4196
2.4163
2.4129
2.4096
2.4063
2.4030
2.3997
2.3964
2.3931
2.3898
2.3866
2.3833
2.3800
2.3767
2.3735
2.3702
2.3670
2.3637
2.3605
2.3572
2.3540
2.3507
2.3475
2.3443
2.3411
2.3379
2.3347
2.3314
2.3282
2.3250
2.3219
2.3187
2.3155
2.3123
2.3091
2.3060
2.3028
2.2996
2.2965
2.2933
2.2902
2.2870
2.2839
2.2807
2.2776
2.2745
2.2714
2.2682
2.2651
2.2620
2.2589
2.2558
2.2527
2.2496
2.2465
2.2434
2.2404
2.2373
2.2342
2.2311
2.2281
2.2250
2.2220
2.2189
2.2159
2.2128
2.2098
2.2067
2.2037
2.2007
2.1977
2.1946
2.1916
2.1886
2.1856
2.1826
2.1796
2.1766
2.1736
2.1707
2.1677
2.1647
2.1617
2.1588
2.1558
2.1528
2.1499
2.1469
2.1440
2.1410
2.1381
2.1352
2.1322
2.1293
2.1264
2.1234
2.1205
2.1176
2.1147
2.1118
2.1089
2.1060
2.1031
2.1002
2.0973
2.0945
2.0916
2.0887
2.0858
2.0830
2.0801
2.0773
2.0744
2.0716
2.0687
2.0659
2.0630
2.0602
2.0574
2.0546
2.0517
2.0489
2.0461
2.0433
2.0405
2.0377
2.0349
2.0321
2.0293
2.0265
2.0237
2.0210
2.0182
2.0154
2.0126
2.0099
2.0071
2.0044
2.0016
1.9989
1.9961
1.9934
1.9906
1.9879
1.9852
1.9824
1.9797
1.9770
1.9743
1.9716
1.9689
1.9662
1.9635
1.9608
1.9581
1.9554
1.9527
1.9500
1.9473
1.9447
1.9420
1.9393
1.9367
1.9340
1.9313
1.9287
1.9260
1.9234
1.9208
1.9181
1.9155
1.9129
1.9102
1.9076
1.9050
1.9024
1.8998
1.8972
1.8945
1.8919
1.8893
1.8868
1.8842
1.8816
1.8790
1.8764
1.8738
1.8713
1.8687
1.8661
1.8636
1.8610
1.8584
1.8559
1.8533
1.8508
1.8483
1.8457
1.8432
1.8407
1.8381
1.8356
1.8331
1.8306
1.8280
1.8255
1.8230
1.8205
1.8180
1.8155
1.8130
1.8105
1.8081
1.8056
1.8031
1.8006
1.7981
1.7957
1.7932
1.7908
1.7883
1.7858
1.7834
1.7809
1.7785
1.7760
1.7736
1.7712
1.7687
1.7663
1.7639
1.7615
1.7590
1.7566
1.7542
1.7518
1.7494
1.7470
1.7446
1.7422
1.7398
1.7374
1.7350
1.7327
1.7303
1.7279
1.7255
1.7232
1.7208
1.7184
1.7161
1.7137
1.7114
1.7090
1.7067
1.7043
1.7020
1.6996
1.6973
1.6950
1.6926
1.6903
1.6880
1.6857
1.6834
1.6811
1.6787
1.6764
1.6741
1.6718
1.6695
1.6672
1.6650
1.6627
1.6604
1.6581
1.6558
1.6536
1.6513
1.6490
1.6468
1.6445
1.6422
1.6400
1.6377
1.6355
1.6332
1.6310
1.6288
1.6265
1.6243
1.6220
1.6198
1.6176
1.6154
1.6132
1.6109
1.6087
1.6065
1.6043
1.6021
1.5999
1.5977
1.5955
1.5933
1.5911
1.5890
1.5868
1.5846
1.5824
1.5802
1.5781
1.5759
1.5737
1.5716
1.5694
1.5673
1.5651
1.5630
1.5608
1.5587
1.5565
1.5544
1.5523
1.5501
1.5480
1.5459
1.5438
1.5416
1.5395
1.5374
1.5353
1.5332
1.5311
1.5290
1.5269
1.5248
1.5227
1.5206
1.5185
1.5164
1.5143
1.5123
1.5102
1.5081
1.5060
1.5040
1.5019
1.4998
1.4978
1.4957
1.4937
1.4916
1.4896
1.4875
1.4855
1.4834
1.4814
1.4794
1.4773
1.4753
1.4733
1.4713
1.4692
1.4672
1.4652
1.4632
1.4612
1.4592
1.4572
1.4552
1.4532
1.4512
1.4492
1.4472
1.4452
1.4432
1.4412
1.4393
1.4373
1.4353
1.4333
1.4314
1.4294
1.4274
1.4255
1.4235
1.4216
1.4196
1.4177
1.4157
1.4138
1.4118
1.4099
1.4080
1.4060
1.4041
1.4022
1.4002
1.3983
1.3964
1.3945
1.3926
1.3907
1.3887
1.3868
1.3849
1.3830
1.3811
1.3792
1.3773
1.3755
1.3736
1.3717
1.3698
1.3679
1.3660
1.3642
1.3623
1.3604
1.3585
1.3567
1.3548
1.3530
1.3511
1.3492
1.3474
1.3455
1.3437
1.3418
1.3400
1.3382
1.3363
1.3345
1.3327
1.3308
1.3290
1.3272
1.3254
1.3235
1.3217
1.3199
1.3181
1.3163
1.3145
1.3127
1.3109
1.3091
1.3073
1.3055
1.3037
1.3019
1.3001
1.2983
1.2965
1.2947
1.2930
1.2912
1.2894
1.2876
1.2859
1.2841
1.2824
1.2806
1.2788
1.2771
1.2753
1.2736
1.2718
1.2701
1.2683
1.2666
1.2649
1.2631
1.2614
1.2596
1.2579
1.2562
1.2545
1.2527
1.2510
1.2493
1.2476
1.2459
1.2442
1.2425
1.2407
1.2390
1.2373
1.2356
1.2339
1.2323
1.2306
1.2289
1.2272
1.2255
1.2238
1.2221
1.2205
1.2188
1.2171
1.2154
1.2138
1.2121
1.2104
1.2088
1.2071
1.2055
1.2038
1.2021
1.2005
1.1988
1.1972
1.1956
1.1939
1.1923
1.1906
1.1890
1.1874
1.1857
1.1841
1.1825
1.1809
1.1792
1.1776
1.1760
1.1744
1.1728
1.1712
1.1696
1.1679
1.1663
1.1647
1.1631
1.1615
1.1599
1.1584
1.1568
1.1552
1.1536
1.1520
1.1504
1.1488
1.1473
1.1457
1.1441
1.1425
1.1410
1.1394
1.1378
1.1363
1.1347
1.1332
1.1316
1.1301
1.1285
1.1270
1.1254
1.1239
1.1223
1.1208
1.1192
1.1177
1.1162
1.1146
1.1131
1.1116
1.1100
1.1085
1.1070
1.1055
1.1040
1.1024
1.1009
1.0994
1.0979
1.0964
1.0949
1.0934
1.0919
1.0904
1.0889
1.0874
1.0859
1.0844
1.0829
1.0814
1.0800
1.0785
1.0770
1.0755
1.0740
1.0726
1.0711
1.0696
1.0681
1.0667
1.0652
1.0637
1.0623
1.0608
1.0594
1.0579
1.0565
1.0550
1.0536
1.0521
1.0507
1.0492
1.0478
1.0464
1.0449
1.0435
1.0420
1.0406
1.0392
1.0378
1.0363
1.0349
1.0335
1.0321
1.0307
1.0292
1.0278
1.0264
1.0250
1.0236
1.0222
1.0208
1.0194
1.0180
1.0166
1.0152
1.0138
1.0124
1.0110
1.0096
1.0082
1.0069
1.0055
1.0041
1.0027
1.0013
1.0000
0.9986
0.9972
0.9958
0.9945
0.9931
0.9917
0.9904
0.9890
0.9877
0.9863
0.9850
0.9836
0.9823
0.9809
0.9796
0.9782
0.9769
0.9755
0.9742
0.9729
0.9715
0.9702
0.9688
0.9675
0.9662
0.9649
0.9635
0.9622
0.9609
0.9596
0.9583
0.9569
0.9556
0.9543
0.9530
0.9517
0.9504
0.9491
0.9478
0.9465
0.9452
0.9439
0.9426
0.9413
0.9400
0.9387
0.9374
0.9361
0.9348
0.9336
0.9323
0.9310
0.9297
0.9284
0.9272
0.9259
0.9246
0.9234
0.9221
0.9208
0.9196
0.9183
0.9170
0.9158
0.9145
0.9133
0.9120
0.9107
0.9095
0.9082
0.9070
0.9058
0.9045
0.9033
0.9020
0.9008
0.8996
0.8983
0.8971
0.8959
0.8946
0.8934
0.8922
0.8909
0.8897
0.8885
0.8873
0.8861
0.8848
0.8836
0.8824
0.8812
0.8800
0.8788
0.8776
0.8764
0.8752
0.8740
0.8728
0.8716
0.8704
0.8692
0.8680
0.8668
0.8656
0.8644
0.8632
0.8620
0.8609
0.8597
0.8585
0.8573
0.8561
0.8550
0.8538
0.8526
0.8514
0.8503
0.8491
0.8479
0.8468
0.8456
0.8444
0.8433
0.8421
0.8410
0.8398
0.8387
0.8375
0.8364
0.8352
0.8341
0.8329
0.8318
0.8306
0.8295
0.8284
0.8272
0.8261
0.8249
0.8238
0.8227
0.8216
0.8204
0.8193
0.8182
0.8171
0.8159
0.8148
0.8137
0.8126
0.8115
0.8103
0.8092
0.8081
0.8070
0.8059
0.8048
0.8037
0.8026
0.8015
0.8004
0.7993
0.7982
0.7971
0.7960
0.7949
0.7938
0.7927
0.7916
0.7905
0.7895
0.7884
0.7873
0.7862
0.7851
0.7841
0.7830
0.7819
0.7808
0.7798
0.7787
0.7776
0.7765
0.7755
0.7744
0.7734
0.7723
0.7712
0.7702
0.7691
0.7681
0.7670
0.7659
0.7649
0.7638
0.7628
0.7617
0.7607
0.7597
0.7586
0.7576
0.7565
0.7555
0.7545
0.7534
0.7524
0.7514
0.7503
0.7493
0.7483
0.7472
0.7462
0.7452
0.7442
0.7431
0.7421
0.7411
0.7401
0.7391
0.7380
0.7370
0.7360
0.7350
0.7340
0.7330
0.7320
0.7310
0.7300
0.7290
0.7280
0.7270
0.7260
0.7250
0.7240
0.7230
0.7220
0.7210
0.7200
0.7190
0.7180
0.7171
0.7161
0.7151
0.7141
0.7131
0.7121
0.7112
0.7102
0.7092
0.7082
0.7073
0.7063
0.7053
0.7044
0.7034
0.7024
0.7015
0.7005
0.6995
0.6986
0.6976
0.6967
0.6957
0.6947
0.6938
0.6928
0.6919
0.6909
0.6900
0.6890
0.6881
0.6871
0.6862
0.6853
0.6843
0.6834
0.6824
0.6815
0.6806
0.6796
0.6787
0.6778
0.6768
0.6759
0.6750
0.6741
0.6731
0.6722
0.6713
0.6704
0.6694
0.6685
0.6676
0.6667
0.6658
0.6649
0.6639
0.6630
0.6621
0.6612
0.6603
0.6594
0.6585
0.6576
0.6567
0.6558
0.6549
0.6540
0.6531
0.6522
0.6513
0.6504
0.6495
0.6486
0.6477
0.6468
0.6459
0.6451
0.6442
0.6433
0.6424
0.6415
0.6406
0.6398
0.6389
0.6380
0.6371
0.6362
0.6354
0.6345
0.6336
0.6328
0.6319
0.6310
0.6302
0.6293
0.6284
0.6276
0.6267
0.6258
0.6250
0.6241
0.6233
0.6224
0.6216
0.6207
0.6199
0.6190
0.6182
0.6173
0.6165
0.6156
0.6148
0.6139
0.6131
0.6122
0.6114
0.6106
0.6097
0.6089
0.6080
0.6072
0.6064
0.6055
0.6047
0.6039
0.6030
0.6022
0.6014
0.6006
0.6000
0.6000
0.6000
0.6000
0.6000
0.6000
0.6000
0.6000
0.6000
0.6000
0.6000
0.6000
0.6000
0.6000
0.6000
0.6000
0.6000
0.6000
0.6000
0.6000
0.6000
0.6000
0.6000
0.6000
0.6000
0.6000
0.6000
0.6000
0.6000
0.6000
0.6000
0.6000
0.6000
0.6000
0.6000
0.6000
0.6000
0.6000
0.6000
0.6000
0.6000
0.6000
0.6000
0.6000
0.6000
0.6000
0.6000
0.6000
0.6000
0.6000
0.6000
0.6000
0.6000
0.6000
0.6000
0.6000
0.6000
0.6000
0.6000
0.6000
0.6000
0.6000
0.6000
0.6000
0.6000
0.6000
0.6000
0.6000
0.6000
0.6000
0.6000
0.6000
0.6000
0.6000
0.6000
0.6000
0.6000
0.6000
0.6000
0.6000
0.6000
0.6000
0.6000
0.6000
0.6000
0.6000
0.6000
0.6000
0.6000
0.6000
0.6000
0.6000
0.6000
0.6000
0.6000
0.6000
0.6000
0.6000
0.6000
0.6000
0.6000
0.6000
0.6000
0.6000
0.6000
0.6000
0.6000
0.6000
0.6000
0.6000
0.6000
0.6000
0.6000
0.6000
0.6000
0.6000
0.6000
0.6000
0.6000
0.6000
0.6000
0.6000
0.6000
0.6000
0.6000
0.6000
0.6000
0.6000
0.6000
0.6000
0.6000
0.6000
0.6000
0.6000
0.6000
0.6000
0.6000
0.6000
0.6000
0.6000
0.6000
0.6000
0.6000
0.6000
0.6000
0.6000
0.6000
0.6000
0.6000
0.6000
0.6000
0.6000
0.6000
0.6000
0.6000
0.6000
0.6000
0.6000
0.6000
0.6000
0.6000
0.6000
0.6000
0.6000
0.6000
0.6000
0.6000
0.6000
0.6000
0.6000
0.6000
0.6000
0.6000
0.6000
0.6000
0.6000
0.6000
0.6000
0.6000
0.6000
0.6000
0.6000
0.6000
0.6000
0.6000
0.6000
0.6000
0.6000
0.6000
0.6000
0.6000
0.6000
0.6000
0.6000
0.6000
0.6000
0.6000
0.6000
0.6000
0.6000
0.6000
0.6000
0.6000
0.6000
0.6000
0.6000
0.6000
0.6000
0.6000
0.6000
0.6000
0.6000
0.6000
0.6000
0.6000
0.6000
0.6000
0.6000
0.6000
0.6000
0.6000
0.6000
0.6000
0.6000
0.6000
0.6000
0.6000
0.6000
0.6000
0.6000
0.6000
0.6000
0.6000
0.6000
0.6000
0.6000
0.6000
0.6000
0.6000
0.6000
0.6000
0.6000
0.6000
0.6000
0.6000
0.6000
0.6000
0.6000
0.6000
0.6000
0.6000
0.6000
0.6000
0.6000
0.6000
0.6000
0.6000
0.6000
0.6000
0.6000
0.6000
0.6000
0.6000
0.6000
0.6000
0.6000
0.6000
0.6000
0.6000
0.6000
0.6000
0.6000
0.6000
0.6000
0.6000
0.6000
0.6000
0.6000
0.6000
0.6000
0.6000
0.6000
0.6000
0.6000
0.6000
0.6000
0.6000
0.6000
0.6000
0.6000
0.6000
0.6000
0.6000
0.6000
0.6000
0.6000
0.6000
0.6000
0.6000
0.6000
0.6000
0.6000
0.6000
0.6000
0.6000
0.6000
0.6000
0.6000
0.6000
0.6000
0.6000
0.6000
0.6000
0.6000
0.6000
0.6000
0.6000
0.6000
0.6000
0.6000
0.6000
0.6000
0.6000
0.6000
0.6000
0.6000
0.6000
0.6000
0.6000
0.6000
0.6000
0.6000
0.6000
0.6000
0.6000
0.6000
0.6000
0.6000
0.6000
0.6000
0.6000
0.6000
0.6000
0.6000
0.6000
0.6000
0.6000
0.6000
0.6000
0.6000
0.6000
0.6000
0.6000
0.6000
0.6000
0.6000
0.6000
0.6000
0.6000
0.6000
0.6000
0.6000
0.6000
0.6000
0.6000
0.6000
0.6000
0.6000
0.6000
0.6000
0.6000
0.6000
0.6000
0.6000
0.6000
0.6000
0.6000
0.6000
0.6000
0.6000
0.6000
0.6000
0.6000
0.6000
0.6000
0.6000
0.6000
0.6000
0.6000
0.6000
0.6000
0.6000
0.6000
0.6000
0.6000
0.6000
0.6000
0.6000
0.6000
0.6000
0.6000
0.6000
0.6000
0.6000
0.6000
0.6000
0.6000
0.6000
0.6000
0.6000
0.6000
0.6000
0.6000
0.6000
0.6000
0.6000
0.6000
0.6000
0.6000
0.6000
0.6000
0.6000
0.6000
0.6000
0.6000
0.6000
0.6000
0.6000
0.6000
0.6000
0.6000
0.6000
0.6000
0.6000
0.6000
0.6000
0.6000
0.6000
0.6000
0.6000
0.6000
0.6000
0.6000
0.6000
0.6000
0.6000
0.6000
0.6000
0.6000
0.6000
0.6000
0.6000
0.6000
0.6000
0.6000
0.6000
0.6000
0.6000
0.6000
0.6000
0.6000
0.6000
0.6000
0.6000
0.6000
0.6000
0.6000
0.6000
0.6000
0.6000
0.6000
0.6000
0.6000
0.6000
0.6000
0.6000
0.6000
0.6000
0.6000
0.6000
0.6000
0.6000
0.6000
0.6000
0.6000
0.6000
0.6000
0.6000
0.6000
0.6000
0.6000
0.6000
0.6000
0.6000
0.6000
0.6000
0.6000
0.6000
0.6000
0.6000
0.6000
0.6000
0.6000
0.6000
0.6000
0.6000
0.6000
0.6000
0.6000
0.6000
0.6000
0.6000
0.6000
0.6000
0.6000
0.6000
0.6000
0.6000
0.6000
0.6000
0.6000
0.6000
0.6000
0.6000
0.6000
0.6000
0.6000
0.6000
0.6000
0.6000
0.6000
0.6000
0.6000
0.6000
0.6000
0.6000
0.6000
0.6000
0.6000
0.6000
0.6000
0.6000
0.6000
0.6000
0.6000
0.6000
0.6000
0.6000
0.6000
0.6000
0.6000
0.6000
0.6000
0.6000
0.6000
0.6000
0.6000
0.6000
0.6000
0.6000
0.6000
0.6000
0.6000
0.6000
0.6000
0.6000
0.6000
0.6000
0.6000
0.6000
0.6000
0.6000
0.6000
0.6000
0.6000
0.6000
0.6000
0.6000
0.6000
0.6000
0.6000
0.6000
0.6000
0.6000
0.6000
0.6000
0.6000
0.6000
0.6000
0.6000
0.6000
0.6000
0.6000
0.6000
0.6000
0.6000
0.6000
0.6000
0.6000
0.6000
0.6000
0.6000
0.6000
0.6000
0.6000
0.6000
0.6000
0.6000
0.6000
0.6000
0.6000
0.6000
0.6000
0.6000
0.6000
0.6000
0.6000
0.6000
0.6000
0.6000
0.6000
0.6000
0.6000
0.6000
0.6000
0.6000
0.6000
0.6000
0.6000
0.6000
0.6000
0.6000
0.6000
0.6000
0.6000
0.6000
0.6000
0.6000
0.6000
0.6000
0.6000
0.6000
0.6000
0.6000
0.6000
0.6000
0.6000
0.6000
0.6000
0.6000
0.6000
0.6000
0.6000
0.6000
0.6000
0.6000
0.6000
0.6000
0.6000
0.6000
0.6000
0.6000
0.6000
0.6000
0.6000
0.6000
0.6000
0.6000
0.6000
0.6000
0.6000
0.6000
0.6000
0.6000
0.6000
0.6000
0.6000
0.6000
0.6000
0.6000
0.6000
0.6000
0.6000
0.6000
0.6000
0.6000
0.6000
0.6000
0.6000
0.6000
0.6000
0.6000
0.6000
0.6000
0.6000
0.6000
0.6000
0.6000
0.6000
0.6000
0.6000
0.6000
0.6000
0.6000
0.6000
0.6000
0.6000
0.6000
0.6000
0.6000
0.6000
0.6000
0.6000
0.6000
0.6000
0.6000
0.6000
0.6000
0.6000
0.6000
0.6000
0.6000
0.6000
0.6000
0.6000
0.6000
0.6000
0.6000
0.6000
0.6000
0.6000
0.6000
0.6000
0.6000
0.6000
0.6000
0.6000
0.6000
0.6000
0.6000
0.6000
0.6000
0.6000
0.6000
0.6000
0.6000
0.6000
0.6000
0.6000
0.6000
0.6000
0.6000
0.6000
0.6000
0.6000
0.6000
0.6000
0.6000
0.6000
0.6000
0.6000
0.6000
0.6000
0.6000
0.6000
0.6000
0.6000
0.6000
0.6000
0.6000
0.6000
0.6000
0.6000
0.6000
0.6000
0.6000
0.6000
0.6000
0.6000
0.6000
0.6000
0.6000
0.6000
0.6000
0.6000
0.6000
0.6000
0.6000
0.6000
0.6000
0.6000
0.6000
0.6000
0.6000
0.6000
0.6000
0.6000
0.6000
0.6000
0.6000
0.6000
0.6000
0.6000
0.6000
0.6000
0.6000
0.6000
0.6000
0.6000
0.6000
0.6000
0.6000
0.6000
0.6000
0.6000
0.6000
0.6000
0.6000
0.6000
0.6000
0.6000
0.6000
0.6000
0.6000
0.6000
0.6000
0.6000
0.6000
0.6000
0.6000
0.6000
0.6000
0.6000
0.6000
0.6000
0.6000
0.6000
0.6000
0.6000
0.6000
0.6000
0.6000
0.6000
0.6000
0.6000
0.6000
0.6000
0.6000
0.6000
0.6000
0.6000
0.6000
0.6000
0.6000
0.6000
0.6000
0.6000
0.6000
0.6000
0.6000
0.6000
0.6000
0.6000
0.6000
0.6000
0.6000
0.6000
0.6000
0.6000
0.6000
0.6000
0.6000
0.6000
0.6000
0.6000
0.6000
0.6000
0.6000
0.6000
0.6000
0.6000
0.6000
0.6000
0.6000
0.6000
0.6000
0.6000
0.6000
0.6000
0.6000
0.6000
0.6000
0.6000
0.6000
0.6000
0.6000
0.6000
0.6000
0.6000
0.6000
0.6000
0.6000
0.6000
0.6000
0.6000
0.6000
0.6000
0.6000
0.6000
0.6000
0.6000
0.6000
0.6000
0.6000
0.6000
0.6000
0.6000
0.6000
0.6000
0.6000
0.6000
0.6000
0.6000
0.6000
0.6000
0.6000
0.6000
0.6000
0.6000
0.6000
0.6000
0.6000
0.6000
0.6000
0.6000
0.6000
0.6000
0.6000
0.6000
0.6000
0.6000
0.6000
0.6000
0.6000
0.6000
0.6000
0.6000
0.6000
0.6000
0.6000
0.6000
0.6000
0.6000
0.6000
0.6000
0.6000
0.6000
0.6000
0.6000
0.6000
0.6000
0.6000
0.6000
0.6000
0.6000
0.6000
0.6000
0.6000
0.6000
0.6000
0.6000
0.6000
0.6000
0.6000
0.6000
0.6000
0.6000
0.6000
0.6000
0.6000
0.6000
0.6000
0.6000
0.6000
0.6000
0.6000
0.6000
0.6000
0.6000
0.6000
0.6000
0.6000
0.6000
0.6000
0.6000
0.6000
0.6000
0.6000
0.6000
0.6000
0.6000
0.6000
0.6000
0.6000
0.6000
0.6000
0.6000
0.6000
0.6000
0.6000
0.6000
0.6000
0.6000
0.6000
0.6000
0.6000
0.6000
0.6000
0.6000
0.6000
0.6000
0.6000
0.6000
0.6000
0.6000
0.6000
0.6000
0.6000
0.6000
0.6000
0.6000
0.6000
0.6000
0.6000
0.6000
0.6000
0.6000
0.6000
0.6000
0.6000
0.6000
0.6000
0.6000
0.6000
0.6000
0.6000
0.6000
0.6000
0.6000
0.6000
0.6000
0.6000
0.6000
0.6000
0.6000
0.6000
0.6000
0.6000
0.6000
0.6000
0.6000
0.6000
0.6000
0.6000
0.6000
0.6000
0.6000
0.6000
0.6000
0.6000